Método de Newton:

No intervalo [-1,0]
	k	     xk				   f(xk)				   erro
	0	-1.0000000000000000	-16.0000000000000000	68.0	0.42264973081037427
	1	-0.7647058823529411	-4.500464483395157	32.91306378036661	0.1873556131633154
	2	-0.6279679440854078	-0.9258880052310117	20.14915069575879	0.05061767489578206
	3	-0.5820162303277703	-0.07782297815803929	16.83539233056411	0.004665961138144548
	4	-0.5773936485292603	-0.0007168225490987723	16.5259569629542	4.337933963460827e-05
	5	-0.5773502729746279	-6.253986839510617e-08	16.523073378826496	3.785002200551446e-09
	6	-0.5773502691896257	4.440892098500626e-16	16.523073127217685	0.0

No intervalo [-1,0]
	k	     xk				   f(xk)				   erro
	0	1.0	-8.0	-28.0	0.42264973081037427
	1	0.7142857142857143	-1.8316177783066587	-15.725114535610162	0.13693544509608857
	2	0.5978084845549619	-0.23517600609977496	-11.804803437517005	0.020458215365336208
	3	0.5778864242390435	-0.006003680477400852	-11.205577235807796	0.0005361550494177303
	4	0.5773506481383518	-4.2403397597645665e-06	-11.189750982270217	3.7894872606525354e-07
	5	0.5773502691898151	-2.119193709404499e-12	-11.189739793889943	1.894040480010517e-13
