Método de Newton:
No intervalo [-1, 0]
	k	     xk		   f(xk)	   f'(xk)	   erro
	0	-1	-16	68	1.1428571428571428
	1	-0.7647058823529411	-4.500464483395157	32.91306378036661	0.9075630252100839
	2	-0.6279679440854078	-0.9258880052310108	20.14915069575879	0.7708250869425506
	3	-0.5820162303277703	-0.0778229781580384	16.835392330564115	0.7248733731849131
	4	-0.5773936485292605	-0.0007168225491014368	16.52595696295421	0.7202507913864034
	5	-0.5773502729746279	-6.253986839510617e-08	16.523073378826496	0.7202074158317708
	6	-0.5773502691896257	-6.253986839510617e-08	16.523073378826496	0.7202074120467685
